2471
7234
6326
699
5736
6200
9417
8701
8814
581
8894
7248
6324
2704
8559
3626
7210
2560
1629
5025
6812
3934
8605
4884
1362
7322
1725
8763
3730
7307
2190
8231
5479
5105
8672
713
6155
9790
1139
5443
6383
9887
6706
4052
4678
1915
1157
8213
8230
1295
3837
7883
6343
7340
8827
8935
9154
1224
4704
6612
6370
5304
4168
5751
7579
8800
574
2175
3245
6837
3138
5337
703
1429
2402
8354
3091
8437
2250
3357
6954
7226
6482
6208
8401
1985
1514
6821
4728
4736
1665
7053
4920
4636
4483
2877
7587
7183
1707
3220
1764
566
7152
2620
7307
3444
5815
3617
3849
167
3882
8313
4208
7141
6480
8002
2769
9464
7326
5047
2107
3607
5913
7677
6516
3140
7373
9677
6355
8500
2611
9494
6657
6398
3228
2352
5334
6936
1899
8114
1411
6438
6713
9538
6351
7000
3260
3904
2703
1577
7408
5784
9504
7991
4164
3692
6879
8471
2506
8814
6964
3902
2017
3251
5174
6101
1071
6234
7695
1462
6864
2944
2485
3954
3431
3955
7747
579
6678
998
388
5997
6843
7475
4383
2353
9382
2856
5814
8248
3090
1647
1974
8088
1108
4091
2564
4662
3806
3260
3547
7335
4824
111
9299
5093
1822
2960
839
8240
5507
3302
2347
8185
2273
2705
6073
4132
3121
327
4141
4112
1022
8629
5774
4184
8226
5083
4006
8483
1936
9661
376
5939
51
5681
7332
9109
1252
5976
1589
6960
9410
735
8123
9299
1776
3079
9530
6231
5852
2645
5562
7144
9560
8088
5519
4727
7260
140
4146
7452
1392
475
3396
7360
7900
7508
2749
4142
5378
6530
1481
4339
854
8363
6741
617
4663
8546
8546
5082
2208
494
4154
1248
4263
1798
11
223
7227
1989
4267
355
1380
1321
2170
4646
4597
4198
529
9225
4470
8402
5007
5531
7697
9964
3961
6130
228
6528
2142
8137
980
3157
9195
3534
2419
560
5779
1350
8593
6918
3308
9287
5559
6494
9446
6043
8721
8654
3560
2724
2415
5039
561
6401
6295
243
9341
5932
8274
3197
7794
7869
5993
3256
7225
3040
4038
5545
9493
7295
1696
8611
2988
7187
7842
6251
1481
5654
9658
4653
6556
6173
576
6702
1353
6430
5108
6563
5821
6729
1620
2488
9407
3403
7817
2747
3489
9875
2973
1492
5043
303
1275
96
6239
5725
9041
9521
5459
3103
8682
1841
748
4507
2062
9468
1656
4131
8409
9794
5065
9990
2315
8926
4024
4714
8913
2366
2577
7214
8732
9589
5222
8976
4143
4034
8564
455
5921
3654
471
2179
7031
8888
9572
4611
7992
8091
5019
3835
6050
5946
3301
4610
5740
1851
7966
8483
227
580
810
1866
4266
5797
5652
4648
9670
7663
7274
276
5743
3725
9849
9464
1884
7337
5262
1182
4332
6571
3699
9014
8841
1187
6269
6350
7277
5546
171
1474
480
8822
7935
8709
2735
3886
8445
7823
8479
8752
5534
8227
6581
1178
1243
5042
220
6360
9461
4870
9753
5650
6330
2639
8243
7213
1563
3641
2348
8955
2226
5197
1765
3010
3478
1950
5969
1198
6326
636
2397
2625
444
4118
8659
3171
443
5106
4878
8717
6403
7499
463
8985
4102
1287
7079
3623
5797
8515
2126
5925
6276
4967
7184
5337
4081
2693
3748
5633
1762
6420
9611
4058
174
6432
284
4080
1774
1217
6584
3810
107
4925
6764
7433
2349
3543
8197
6843
658
5420
1170
8355
2511
8126
1537
9399
102
1273
5443
1610
3059
5527
1277
7344
9948
3072
8466
9104
9177
1741
6839
8027
4825
616
7369
9389
5831
9877
8588
2160
3980
9237
2150
6399
9148
5511
6706
4346
8448
9242
8276
5640
7148
7271
280
3798
1858
4551
6345
3253
1404
5830
8423
9554
9201
2676
2193
1523
4363
6024
4612
7990
9623
669
6660
7052
4295
2347
8499
1611
512
1305
837
2202
571
4765
7920
7475
5023
4466
7544
2845
9095
4262
5002
6688
1887
5716
7463
3064
2890
9616
3895
3899
118
2083
7637
8583
5558
5264
6022
8705
8306
7797
9677
9092
6964
4820
306
1489
4645
5849
1672
5728
41
6662
6089
5278
8648
5623
7109
8383
4613
9191
9420
74
5291
493
499
5369
3447
6328
6857
6349
8555
4300
7147
6744
5299
6304
1589
1602
8597
8561
6857
8617
9434
9427
5404
8581
839
2981
8088
6710
3603
7928
4503
7967
3718
8338
1195
3159
6548
9060
5368
992
3115
1526
9453
2886
6425
1313
769
2481
8420
4963
5770
9974
6111
2813
5835
3244
5292
4392
6301
635
7807
5050
3263
3893
6728
1627
291
3509
3580
7635
292
7521
9689
9692
5054
1462
2893
8554
5273
5873
8280
5097
9980
9048
6465
280
7143
2453
946
3860
4624
10
4026
7579
3330
1276
2925
6669
1739
9159
9136
4622
3936
9124
3510
628
2478
9802
1925
4234
3529
1215
7920
8857
1446
5655
7610
5189
2112
8452
7640
922
6982
5397
4239
2700
7677
2145
1117
8407
1587
124
139
6501
1379
616
8165
5390
4931
9703
8495
225
2868
809
7360
3900
3590
191
4751
4643
8686
8965
3126
5681
3299
4845
1296
6767
6968
93
6164
6565
8118
8327
9366
8685
6815
3246
8887
7930
1471
2190
5840
7412
2493
4967
2438
9619
6996
760
9177
6492
8217
5233
6229
4959
3494
3960
533
7806
1661
883
5280
8773
6270
6884
4873
1472
8375
5941
8591
3751
3354
6105
9704
1105
8581
5306
5494
6591
6122
4774
6870
7211
1190
4666
4072
6867
7099
4202
7703
7036
6601
5214
3861
375
7785
4423
8093
4826
3259
5221
5578
5533
2701
3223
6524
5461
5758
9136
3387
215
16
3422
951
9968
117
9358
1487
7201
8127
2182
9498
3794
1823
9498
4013
8282
9567
1596
4477
5480
1770
3471
1388
9095
8465
8432
7360
769
1661
8846
7722
6792
1848
7473
2467
327
1731
2835
791
5852
5607
8911
6712
8957
1534
6575
1203
109
2878
5742
4942
7791
9612
3671
9157
4997
7804
4201
6325
6973
2083
3054
7798
6997
2219
2755
6753
5268
4397
3332
5167
6455
7343
3437
3120
875
5421
8005
9935
6638
4023
3132
9450
6480
1968
3192
6725
8936
4444
36
5778
7076
624
7775
6485
1077
1644
8995
7951
3938
2091
7522
8216
2639
6499
5947
3785
9239
3203
6667
4350
217
8145
2167
1680
7286
3174
3007
7355
4846
1021
967
5776
6508
3273
7989
1050
4275
8313
8346
8569
8631
675
7049
805
3575
8293
4789
4856
7326
7585
4029
9400
3192
9765
3292
3106
8136
1266
8030
1677
9225
2482
4334
8182
5610
7901
5626
2315
2531
1885
686
4994
8102
5350
8040
7555
6446
9752
6784
9563
6364
2412
3036
2040
3912
5648
4553
3810
2160
7677
7129
4253
6562
4573
4152
645
2096
2562
2569
3964
8745
8817
3752
1776
8268
7354
831
8464
2679
7634
6506
5
7306
4343
8733
8163
4782
7894
1710
3930
7014
7868
3383
2322
186
309
9291
2334
1575
4335
6620
2422
2661
4258
7362
9907
1757
8652
8256
2459
1663
7948
2437
2420
8011
119
8629
9316
8517
3762
5076
9638
4650
3899
2341
5025
783
2145
3209
3087
6006
7912
7387
3498
5402
8018
8487
6563
1372
6913
8196
6787
4927
4203
2660
9737
7929
1770
2023
8862
8594
5145
7815
8563
8737
2683
4880
3414
6204
7247
861
9719
7796
5497
4945
5573
7598
1894
4851
6639
7636
2736
245
2785
6982
7055
666
6866
815
8269
8178
5428
367
952
4839
7726
1636
4168
6368
2762
6388
8163
4882
785
6384
4036
8610
1525
6708
1557
33
4941
9296
2800
4389
8500
5117
9612
5469
1844
8477
8118
2683
8129
5428
5507
9743
2913
3391
4592
8023
3292
5165
1320
875
86
2372
399
3502
8155
7576
8171
6101
6189
2550
3450
926
8169
5575
2091
3188
2694
3147
5474
1496
3594
3680
5377
11
6351
526
2772
9130
5960
5933
4642
6181
8839
2170
2744
4108
7429
836
5125
8904
7342
6650
4430
6086
7230
74
2553
324
5411
5557
9734
1975
8027
6447
414
6229
8565
994
6097
5129
7531
875
8664
8836
1617
981
4139
5724
6555
2502
4743
799
9112
797
2676
9469
3442
4625
2737
2229
4145
7976
5644
2790
3651
8396
8303
3130
8372
6772
8386
9237
6640
7793
7879
1627
1236
2297
2087
5163
6112
8319
6830
1953
6528
9957
4586
8185
1339
2592
4036
5481
4699
8278
8256
4856
5672
3999
1317
1287
2920
65
3990
9559
9355
2006
874
3847
4851
1135
907
5880
4563
956
1161
3940
8180
1015
7750
8957
6161
6249
8291
6937
6236
3421
4775
731
481
8559
8325
7810
2022
5922
3560
7014
3902
5243
928
1465
3995
1162
9136
6360
8453
8001
1395
9731
5334
6796
4445
6463
4738
1029
9894
9133
6509
2846
8052
5181
1037
6778
3505
5358
5540
9280
9212
8663
5073
4380
8429
6826
9750
3773
3353
2580
9185
2959
7686
2059
8782
9559
6974
6432
2887
9683
8819
3625
4645
3396
5730
9649
8562
4074
9226
9169
897
4267
3765
5170
4799
5506
8375
3639
6354
2172
5500
9321
5559
230
7528
8523
3224
3263
6369
1009
5297
3188
526
6501
6916
2427
154
4413
2417
6811
7775
5423
4249
4643
9019
327
7190
8647
4385
2719
4716
8245
4354
692
4778
6814
1989
7631
5624
5948
7718
1410
6463
347
7674
3251
7882
6048
3557
9849
9973
6816
3924
5920
3414
504
732
242
6160
6395
7494
3510
460
3758
1250
6623
2221
5742
4916
5064
8356
948
752
522
6316
139
5320
3728
2391
4404
4459
2304
6557
2171
2906
4396
4279
390
4527
8331
5340
7008
9991
3974
906
1182
9257
6156
9567
5944
9543
3940
3525
7239
7546
5707
7295
5547
6726
2365
9309
2013
6843
5748
7411
303
2260
5243
2102
3634
8314
7357
1256
357
8990
7381
6202
4080
7641
5332
7370
4063
6458
736
3200
7422
1959
329
8315
5145
101
6099
8962
2542
4646
232
5144
5674
949
9719
5548
3549
9843
4504
3468
6189
6357
9920
822
8855
1730
2101
861
6642
8110
1905
7522
8414
7862
7041
5368
6192
3332
6903
6410
2972
5932
976
5314
3815
5641
8638
670
412
1418
5899
9818
6336
7259
183
3260
9807
3598
5678
2862
7893
4308
5114
9557
4413
8251
2552
1083
9082
341
6573
9080
5327
1707
5719
4258
6110
3254
4105
772
1931
7034
4163
4550
547
1600
8511
6374
5278
3889
2194
9424
4006
3757
5490
5235
3067
1623
2756
9453
2570
3184
1557
7948
2929
7410
7309
6379
6855
3293
2959
9171
7164
536
4028
9815
1324
2904
6830
3112
4298
8712
5211
2845
4983
1648
1620
6841
7452
8370
2999
3960
8620
4566
5436
1813
266
8467
3350
6065
1634
5638
6531
6480
2366
2430
9536
2090
7660
7509
9729
3962
1958
8591
5045
1906
7783
6571
1971
2394
3441
3995
6434
9352
2472
4329
3359
6659
529
4495
830
644
9882
9333
9104
8540
8455
4459
3425
3734
9581
8651
4869
2503
2739
6142
8684
9283
2151
4810
7536
8051
9163
6721
6829
6792
3083
6841
5259
8595
3118
4135
3499
7303
3389
7328
6423
9575
2
7739
3572
6985
5363
7575
5025
1932
8660
9899
5158
8099
6687
4129
968
6353
3056
3504
7020
1611
6404
769
6276
3339
4565
5628
4894
7187
3622
3834
9505
719
5893
4204
2264
7081
5639
5558
6540
290
5257
4211
5607
3716
6774
3996
1495
5579
6969
5551
2649
1574
4118
4762
5976
4760
430
8664
24
2764
706
5595
6177
4364
2549
6454
581
7638
2225
4007
2452
1826
3259
1245
8821
8195
9338
1258
6487
4663
9882
3183
3848
9452
1507
8031
1579
5131
7845
7792
9066
4345
1349
2356
7263
5562
1462
1894
330
6754
7442
5124
32
7259
1878
4577
208
9002
353
4544
4484
9269
9530
884
2969
4731
167
3269
657
7829
5949
1517
8768
848
5407
8424
5075
4742
3059
2688
1775
2303
9998
7037
9762
4230
732
4240
2490
4373
5810
7269
8393
8482
9313
5304
5704
669
9163
6807
3617
4093
3985
9975
76
8353
8399
2928
8604
7547
3035
3771
5279
4017
680
7898
876
5357
7888
582
5412
187
4487
8449
2893
8525
8298
4600
8069
6123
2976
6730
6928
8927
1183
1616
6812
3647
6615
37
5175
9406
6630
3874
8758
7826
7974
9148
5391
4626
4887
7163
9447
6883
1792
4660
4971
484
7234
828
356
611
2528
996
2270
1761
3997
5423
7912
5961
404
7210
7319
1617
6454
8292
8198
881
6559
824
964
6140
2477
9489
3091
6448
4897
2048
7647
6594
2510
732
9951
193
2438
7003
8725
5204
7616
3327
4511
3698
7039
1160
5907
5664
8969
7731
5160
8946
3316
2656
2463
2529
9318
7036
9602
8030
3896
3368
6967
7181
8318
9050
3168
2676
5539
2158
1495
6683
2656
2152
3841
1042
3593
7807
6964
528
3610
4514
4546
4188
8194
3896
2902
6187
5208
4265
2963
4684
7413
778
8997
5172
1387
4443
3176
4039
6103
2247
3799
4856
8603
5747
9326
7072
855
9916
3117
3940
144
3983
5369
400
1968
8889
12
1882
8640
8698
6267
9989
8433
142
287
8670
8110
5682
7894
8271
7268
4577
5715
1051
1513
2963
9013
1771
8742
2593
9418
849
3296
366
819
1963
8945
3914
5501
3070
6061
3336
8145
9259
6114
7938
3939
7709
6238
6673
8815
505
7485
2644
7436
3059
3975
1695
2373
2154
2049
8842
7499
5915
6935
4411
9531
7184
7012
6084
6477
3727
3192
3841
8213
2241
9514
1754
8961
3214
1161
3967
4276
8571
5077
2190
3503
8914
1431
4631
2712
1222
453
6005
1680
460
1546
3584
6999
774
4835
9734
2806
8641
5595
2267
8847
6613
87
8911
3429
9931
8297
8960
7355
7433
8206
442
1200
138
3519
7850
2656
6666
3127
5446
175
5037
1862
6569
2037
3058
5379
8443
41
8873
9492
2888
9659
6169
1550
7659
6475
1538
6524
2706
6657
4460
6936
4826
3418
959
818
2279
6711
8023
66
3112
2686
4323
2869
8176
380
1736
4496
9069
1591
9584
8966
8893
2493
1319
1576
3208
1111
659
5750
6178
5184
3683
242
352
9394
3118
3555
5237
6468
4578
2500
905
9761
918
2191
8024
2131
3937
8686
7011
9075
5635
8000
8196
8286
933
3898
7661
7946
8530
332
9423
9233
4593
1037
3748
8551
2714
2991
5395
5760
2393
9848
2595
2275
2077
3137
4230
5949
5644
5010
1356
6622
9212
7837
5120
2795
1665
8573
2468
3557
3104
397
553
5757
5547
5848
406
8633
8748
9039
4820
1069
6153
8138
1710
2142
8516
8986
8021
3676
4772
2191
4973
5503
2580
4470
538
3368
4691
3292
7513
2570
3503
2887
8118
165
3223
5832
1501
981
3654
3342
8624
9588
4207
669
2954
6965
7841
11
9500
1813
4269
3652
1696
1252
5141
309
9938
314
6163
4890
7138
3002
1167
5095
2193
4972
8550
1290
7394
8047
8031
7336
7723
8950
6315
5247
1825
2800
8782
9226
6684
7360
6340
5346
638
8576
2920
7785
4986
9429
2195
1585
5425
3783
9666
7468
7978
5024
1413
5985
9786
2816
7990
3282
4709
9254
4732
5048
6968
6648
7357
6850
2077
6383
1959
8426
6166
9134
4942
7967
6445
2892
9330
774
5357
1764
9909
3017
7411
8882
2672
97
74
5291
271
9274
6373
937
120
326
5416
2355
9820
786
4031
5314
8614
6061
8421
6168
862
7268
2953
6688
3163
209
4358
4040
5088
2213
3803
6827
932
8445
133
7655
3706
8816
6168
1546
8736
7249
542
2629
7639
7968
6314
7933
4053
4567
3239
3514
4864
339
7623
8555
3226
8261
9335
213
5170
33
9628
8344
8609
6303
55
3042
6770
496
6394
8082
3351
411
9787
654
6426
7907
2278
6284
3400
8254
7683
5533
6126
8533
8249
8905
8184
7801
9579
2896
9748
6035
5498
3715
3400
2065
8509
7637
4792
58
4811
5477
8469
5702
1442
9252
123
1651
3214
4441
3264
3075
2775
3307
9658
1565
9735
7168
56
4142
6152
6915
5780
3542
6530
2783
8775
7441
6889
3923
1039
8832
334
8885
1070
6719
7949
7919
1320
4744
5148
6197
6
7390
6925
702
9152
7497
66
2946
2672
8727
501
5422
1325
639
9656
7103
5224
6943
3056
8071
455
2299
5752
2834
3504
4208
779
4140
7251
4859
9095
4560
4299
2165
3108
753
9295
9694
917
1468
682
6783
7179
7047
8821
2963
74
4524
7471
527
657
6820
2677
5002
556
107
8315
7782
5645
933
6823
7121
5891
2501
1183
6992
3214
9790
9896
9835
3876
844
4523
2423
2586
4972
1490
8131
5315
8870
9293
4502
6384
813
2451
8638
3375
7021
3672
1348
8224
5878
8072
6249
9357
6893
6364
7098
8393
1557
233
2097
8977
4079
2739
285
8439
434
1854
6401
410
7858
8602
8187
3115
3472
3189
9103
1359
368
1995
2629
3089
1542
9903
5420
9186
4569
2594
5834
7956
4142
2790
5960
8537
7306
9000
5283
6389
8568
2854
53
1958
584
5333
7941
7895
5359
6033
4131
6742
7671
471
3626
548
5938
5531
2938
2765
4464
2578
9888
3442
3495
892
1006
1243
5238
7506
1108
1229
5569
6222
7210
7844
3519
5330
2451
5328
8360
6063
4616
3927
8603
8130
9530
5573
8244
6791
7731
3543
8635
5302
5767
2245
4626
797
847
5319
4806
7285
447
8830
5124
7385
1773
1992
3726
5867
4982
9050
1176
39
5388
2920
1438
4340
8973
3779
8858
8541
7721
3804
9862
7449
9640
8218
6671
2584
7977
6545
5953
6306
7024
9224
6293
9045
5931
123
8047
2097
1126
2100
1846
5921
7669
3603
812
3588
4554
619
8719
5831
6513
8292
5381
6011
4251
5726
9638
337
5581
5643
1300
1758
1371
9817
4688
8630
3239
9689
9098
5118
7765
2081
9981
1444
5910
2079
890
9429
5335
9519
5289
3525
6559
8254
645
9216
7700
6229
2956
3873
921
8240
8539
6187
4033
8618
3528
6685
778
7182
3106
4295
8164
9739
8961
4412
4996
6231
3260
145
6223
8585
8721
2684
9143
9359
3485
3170
1540
352
1725
1277
1630
5003
9795
7399
6325
852
4417
6708
1044
4459
7643
7994
2471
2546
8322
4597
5154
6146
8138
2092
7359
8311
9241
7708
775
2787
1754
2192
5530
4450
956
9548
8449
2486
6184
815
4222
5169
682
4603
9867
8470
6473
939
5310
2216
5246
362
1327
7892
436
1939
2925
9904
6396
6315
797
296
8967
5840
9365
7295
3027
6066
890
1346
8731
1587
3652
1011
6502
9664
4245
8517
3656
8066
8910
3458
8294
8209
885
3845
4209
2888
8643
3068
1310
6244
4647
9995
8568
9367
5451
5365
9133
9382
8689
9141
1541
7017
6454
2661
8337
1615
5224
7491
1910
7149
3250
8359
7561
996
5162
7551
9654
2465
4542
614
8570
6367
2794
2995
3345
9169
8749
8288
1042
8976
2014
6271
9651
5043
5674
7794
4276
3927
4872
8235
5447
2659
5524
3424
3376
6202
1193
4367
4066
6278
5327
7055
2738
2139
9363
2282
2811
5444
9552
7093
9169
7146
8275
2828
660
4780
5703
6085
1681
3936
5014
2258
7134
3606
6303
6168
3281
1267
6760
2625
5375
3390
2437
5959
6607
5568
6176
7624
5965
3596
4773
6249
4586
7550
2818
7773
9352
4711
1143
799
7004
9255
3880
8100
7497
8184
3236
2
5032
8005
8290
153
2432
516
716
9608
1334
6655
2220
3694
8638
3648
3197
3140
1952
1605
7615
9845
5975
226
1894
5675
2616
2156
596
6773
9986
9334
2793
2511
1520
5834
7384
5103
7577
7614
3395
2875
6511
5557
4513
4578
7798
7226
2866
3074
4789
2166
5380
9321
4766
8693
5992
3318
7945
1410
1224
7400
651
8900
7298
9316
9355
7377
560
7737
4549
2529
6755
9819
449
8144
359
2575
1238
6237
1781
3721
8423
9021
3187
1939
3903
7123
6614
5553
9696
4237
6561
4060
5357
5442
6365
3304
9575
2026
9247
8871
8058
2622
7470
1599
5761
1890
1594
5028
3309
9235
9535
8035
3177
5849
131
6334
2403
5585
2725
2390
5024
6807
3220
7251
5858
6556
4370
6091
3661
5456
2149
2966
9998
7700
1466
9021
4651
2901
6948
6612
4077
9020
5710
4009
6094
8569
8191
2535
9213
8239
8101
658
9672
9636
1667
8370
3632
6436
8774
9416
8806
737
2540
4951
9736
3943
2582
5423
3646
1903
6814
9816
384
9891
5856
9396
2082
1248
6563
2329
8715
2833
2159
9657
5046
6659
936
1807
2496
6330
1317
8102
8903
7453
9858
796
4187
664
2071
5620
6540
7358
1742
1606
804
8711
1004
7216
4756
9121
9885
7280
3695
7537
1334
8923
8845
2031
7123
4576
2823
1938
8944
1611
3984
8281
306
9299
9115
8998
4480
2501
5777
2051
8761
6319
8486
7154
9422
6206
7387
3622
7067
8059
216
832
4355
2206
5620
1093
2529
2579
5438
9456
7049
8009
6660
2461
6561
6347
3859
6608
9080
3943
5628
4966
6694
7500
7578
9806
2551
5178
1232
3864
7152
6580
7631
6653
8428
1626
8263
5231
5604
6015
7867
9395
3471
5419
9550
8505
4614
3399
5441
2631
9194
7012
1288
786
2158
1885
1022
1915
5196
2090
789
1595
17
7087
6669
5630
6703
5923
9207
384
1364
9984
6334
4400
9230
3436
4787
8231
9323
8083
7159
8669
8378
5141
776
7122
2674
1639
3450
4604
6137
992
9243
6580
7960
3175
4547
9516
3261
6544
8014
5172
3106
296
1060
9133
9571
6372
2311
7759
1673
6203
3145
2484
9229
2668
8996
8825
2744
5308
5173
136
3616
1390
7927
6796
2088
3790
6726
4764
4920
5350
6283
5472
9006
9314
7435
2597
4546
5141
4591
3567
2672
6028
2952
4414
1477
3946
8822
6537
2095
5479
5661
8118
7687
3025
84
3328
5736
9777
8514
7643
9061
1553
4212
8146
2789
6659
8466
6716
2272
3164
2755
158
8809
29
2592
4670
8356
3283
3621
8838
9115
4281
5077
6506
2821
1344
3035
16
8169
3180
2010
7186
474
8903
5599
3942
2251
1920
9519
6159
5859
5999
9141
5444
5706
9038
3666
2347
3086
7605
1191
4894
9220
1604
5998
1559
4166
3318
9799
6612
8191
9536
5340
6645
9955
5340
4506
2407
1467
850
5677
3638
3798
4195
542
9098
5908
4653
460
995
7888
3770
1382
4829
738
6842
6778
838
4044
4313
4738
375
3260
387
6495
1744
8111
2845
7799
9685
2791
3218
2691
3515
10000
5911
42
7017
6544
6761
6947
3825
515
9074
858
7259
49
5139
4871
4609
3591
7994
9874
1732
178
8361
6912
8197
6000
5712
8604
6941
9238
3431
2704
6520
7270
2351
6584
1816
226
650
8486
2326
5018
3484
2246
7261
6248
7919
2961
1180
3120
1580
7623
6729
5919
595
8529
4548
7747
5859
5896
2442
3885
6521
8235
474
9386
1874
5900
4401
4594
2212
7636
4132
9557
621
1555
2214
4273
7739
6832
2990
3326
9804
652
6165
5476
7285
9549
4714
8725
8602
8824
1183
2500
9364
4194
3931
5482
8719
7188
2845
5876
3799
3120
184
9878
6162
3265
1238
6382
288
1828
9973
9492
5086
4730
4983
2007
8582
8622
9165
8268
9910
7295
6661
813
4128
7547
9132
6752
8842
2704
7526
9795
6916
8965
1516
7040
1717
3737
5184
9910
4788
7138
9153
1077
9171
3615
2722
5854
8873
788
6720
4671
4818
7074
441
7835
7026
9828
7508
7574
2136
4892
3649
3959
4970
6698
3198
5735
6696
2946
3238
3278
1715
4196
5706
7844
953
7774
3513
5518
7313
6041
7293
4535
6784
5920
1252
511
9948
3722
1025
4517
6027
5877
8875
9041
3645
4282
8632
7762
3544
4904
9970
1767
2443
2220
3716
6789
9790
4004
2473
9250
6581
4172
8428
3674
9281
3545
6303
955
7103
4749
3657
4909
1518
2692
4266
3040
6517
5587
504
2545
5383
5707
2229
5568
4558
6971
2355
2867
4445
7134
1435
6557
1298
6988
7816
5338
8949
8553
4734
8111
4007
6720
5304
9586
1787
1459
2767
7648
5538
299
1020
6312
2285
8199
9396
4389
5096
8511
2784
6929
230
648
4199
7140
3566
9556
2073
546
6367
9863
4005
902
5064
2514
8121
2744
4763
3573
1248
9657
9764
4750
6590
5634
1345
7767
5842
1085
7610
7824
8031
75
3999
6530
5702
5857
9186
7790
3125
43
5979
6758
7143
7930
6186
1408
7511
8040
4908
942
8149
9625
4425
4834
9561
4796
2720
274
7108
3960
4830
8695
9285
1446
65
8118
3278
6656
7110
609
5521
7884
1617
9031
1444
6691
3643
1901
1029
6732
9899
7559
2356
823
8790
6507
1355
6202
5745
2840
9900
5109
9492
6578
5481
3461
5213
2580
3840
2215
6461
3894
494
6036
7631
6319
4359
4896
9727
8257
5260
1956
6018
2927
2508
2160
3316
972
4294
7318
9335
7518
3938
902
547
2146
9014
737
4213
4058
3714
7515
8248
9508
9666
9538
6737
3460
9853
4923
8034
2058
7547
6276
8744
6388
4385
584
4358
1016
4312
5318
7139
1022
7550
1889
1463
6540
4970
3891
2095
753
7812
2025
4010
8340
5228
7883
4779
6655
7323
1487
2338
3783
8776
1755
6479
3915
9527
5487
3636
8818
8903
956
285
2250
3670
8804
6910
5336
4827
1300
8546
2139
4806
349
7442
541
7670
6556
7668
8203
3809
2252
4121
7301
4565
8868
3975
2072
5088
5167
7523
8647
5497
9519
3682
239
3580
6297
2701
8659
1273
8026
5337
8697
4862
8880
9580
2333
8833
1647
7333
7272
7865
293
9959
5768
1321
5986
9723
5057
2602
9762
9798
942
6872
4968
9775
7743
6606
3904
2493
9019
5496
9275
3945
4947
9101
7701
4893
2556
8498
5410
8483
6926
1534
7997
219
4622
1014
4169
6999
4456
9590
5431
5364
207
6111
397
3291
7046
994
1226
6663
3272
9690
5100
105
2701
8378
1394
5593
8791
653
4673
186
8965
324
1180
6682
9959
7194
7658
4170
4339
2590
8621
3193
803
9259
4293
3470
4799
8366
8583
3774
6805
1472
3368
3322
4711
1609
4608
4372
3076
7039
3661
2664
4443
3687
3633
7940
321
1762
4586
505
5781
6198
9811
268
7621
6424
893
7265
1267
6777
434
5693
9336
9093
6127
4003
32
4091
2054
6570
4344
3890
2646
9956
1423
3147
6365
7095
7725
529
2024
5709
6019
10
5543
8450
3546
8434
4181
6158
5490
4509
7394
8175
2457
6665
6420
9805
9081
4149
8635
3260
4751
9809
5356
5068
5851
1561
9125
6242
5344
8622
8610
1748
5478
1921
586
5842
3490
6023
2113
2725
8040
5122
3697
4768
9456
8783
3635
7339
5375
2611
1856
5700
2124
1135
4718
4144
1871
176
3649
210
3145
1641
3185
9952
7751
4764
7333
9617
9905
3459
4335
7987
3519
7545
4292
3055
520
9140
7991
73
5875
1675
4930
2709
9040
6271
9415
508
4199
8498
195
5109
5312
9695
9653
6333
6327
9868
1980
2275
8735
583
5483
2811
2059
5211
1684
2014
2351
3558
7841
2979
1059
7209
5841
6123
5749
1187
8041
8814
2746
795
9695
3289
4381
1700
2663
4317
9584
5743
8834
9977
890
4409
6179
4672
7061
3422
3400
4292
2612
1274
1768
4309
917
9045
3553
2007
3781
113
5122
4966
4367
3168
6690
4719
8695
212
2711
5120
7824
6887
3447
7865
423
4043
200
8702
5870
6740
7782
5017
5141
8279
7430
2079
7507
4751
2517
2510
8687
9826
97
7125
722
8236
1534
9277
7495
7388
5501
4572
4196
7759
2492
6556
4089
2607
6025
399
6250
7993
9007
5552
9887
846
5347
5339
7497
3594
14
5635
1355
9886
4937
6871
5580
7105
999
44
6446
5372
8222
6932
901
5787
2994
406
9970
5220
7446
8835
729
4902
2045
1101
9555
6795
644
9411
7328
2463
8977
993
7042
2324
2113
4001
5956
5595
4544
8768
1300
3914
4164
545
9884
3953
6784
1981
5550
2724
719
1081
3643
2012
5223
8843
1839
2406
5404
3330
8668
1507
8881
8091
6413
4395
1330
5524
5268
8886
6738
6828
3728
9533
2786
7933
3572
2299
7352
7730
524
9627
7629
3637
5991
2917
8373
3890
204
4966
3945
5273
2734
2601
9604
4822
1136
8183
4627
2749
9781
7326
9755
852
1339
5598
9653
4059
3952
7831
7149
7119
694
3078
6114
2425
2592
9390
7724
631
2340
213
2611
2910
3243
3333
4516
8904
4451
6358
8881
626
5625
298
9849
9657
3032
528
2335
2710
4939
4786
2623
3925
8336
2956
2854
5397
7194
2027
6655
2932
1149
3988
6160
1463
3839
1232
218
8937
2880
9876
3984
1903
5749
6589
1935
4180
460
7814
7766
4193
7113
4202
7549
4332
4828
7609
3952
856
2776
6948
2021
4210
4350
3832
5128
7489
7116
9733
1180
1230
561
4279
8359
2772
1800
3387
8109
7034
9711
4867
2480
5102
512
4146
2591
8703
1954
9547
2152
6272
6359
7931
2763
172
5161
2251
3692
465
7657
8380
2783
1370
9803
9860
4361
5263
4530
8930
188
4635
669
1566
5264
8468
9393
2318
9119
8104
2335
2873
5198
2128
8975
2051
2640
748
8477
7732
7857
6978
8054
9996
2101
1469
1368
5860
9521
3308
1370
4588
3860
688
5706
3525
9406
2742
8264
5999
9144
3237
3819
5066
8609
317
969
8578
75
4539
1074
3666
7445
8640
1692
5554
5687
9303
4625
3424
5264
1425
8100
2647
775
711
9643
1285
2541
4768
7653
8070
4667
9983
5546
7931
1355
6750
8907
6748
7150
5028
1300
2847
7672
3715
4656
7740
3326
2400
8162
1030
1799
8448
3391
6583
3639
8568
6861
6521
2949
8099
4393
1226
3152
3342
7625
9554
692
1161
4234
5220
7139
4881
1100
3027
5847
3692
4697
8729
3481
756
302
6335
2829
9559
3833
8171
3025
8969
4819
6002
2092
7107
9653
8069
9553
1329
9947
7589
5887
196
7663
2287
9970
589
3440
3152
7223
3748
1389
2380
1869
3761
4526
509
3554
9673
5872
2616
4390
7882
3830
5062
2234
3164
9798
1844
6631
4582
350
9474
6913
9940
6646
6705
141
6859
939
6004
4675
7514
6744
9593
1920
8544
294
2864
8318
4748
5918
 